444
179 238 330 426 
79 93 192 226 335 
62 238 304 341 409 418 422 443 
117 179 238 291 388 426 
87 195 367 426 
190 192 236 238 
32 152 414 439 
59 153 230 252 297 
10 305 322 395 
130 154 192 196 236 338 346 426 
8 116 197 230 231 241 305 415 
124 227 381 404 405 415 435 
195 312 346 401 
174 199 226 239 
25 259 312 350 
236 238 418 430 
62 192 270 340 
222 354 383 439 
179 181 238 270 293 296 351 443 
188 236 430 443 
118 137 248 268 358 
62 238 242 259 418 
62 159 238 292 307 346 443 
236 270 346 443 
62 101 103 167 443 
14 192 236 238 300 303 418 
62 222 258 340 418 424 
190 195 238 340 
179 238 426 443 
117 330 340 443 
265 308 411 437 
79 312 377 418 
6 238 340 344 443 
66 88 204 316 317 330 398 
270 340 346 426 
107 236 340 426 
238 366 418 443 
60 164 170 199 
61 111 180 314 
107 144 270 408 
172 273 288 406 
63 179 238 337 340 430 
188 236 366 426 
60 98 127 425 
60 156 164 282 415 
120 140 154 361 
195 236 270 380 443 
99 174 309 431 
90 201 265 336 377 
179 192 236 238 
236 238 270 291 340 
238 310 346 357 414 418 
179 219 238 346 
87 117 238 426 
192 302 401 430 443 
83 236 317 340 418 431 
236 238 340 418 
61 117 166 179 236 243 310 418 
62 188 309 397 
7 98 153 260 264 
37 43 44 199 282 305 
38 57 364 436 
2 16 21 22 24 26 58 88 94 101 122 135 155 158 167 174 184 194 224 238 245 263 266 285 308 310 337 340 344 352 372 379 382 383 412 418 420 440 
41 288 335 343 371 
238 270 293 340 346 
330 340 346 443 
33 159 192 238 270 340 361 
236 257 366 418 443 
91 117 177 195 330 340 
87 186 238 252 313 
192 236 310 408 
236 270 346 418 428 
179 238 270 340 
79 142 219 268 297 
236 238 418 426 
146 309 374 426 
102 192 330 366 401 
236 238 276 418 
192 340 366 401 
1 31 73 110 115 141 183 238 240 270 273 277 314 315 353 365 403 408 426 
81 116 339 407 439 
80 116 149 227 
108 117 186 207 443 
55 95 195 198 344 
151 236 270 312 443 
302 315 344 368 
195 236 270 340 
4 53 69 106 126 133 134 170 187 207 216 236 251 253 255 262 269 270 281 341 349 359 399 418 437 441 443 
33 62 95 141 236 238 295 376 385 443 
179 192 207 426 
48 102 107 236 270 275 426 
68 225 228 366 
132 340 418 443 
1 96 212 305 322 429 
62 310 330 443 
83 88 182 322 
93 197 205 429 
153 227 262 266 
43 59 149 156 227 272 305 395 
47 179 224 236 238 270 383 
222 276 344 401 418 
24 62 170 176 220 232 233 238 270 355 365 419 443 
76 90 112 156 264 
24 119 389 405 
139 166 264 299 415 
286 346 430 443 
87 270 340 346 
35 39 90 117 123 136 148 161 167 238 240 270 273 338 361 375 386 390 419 432 434 443 
82 116 124 354 422 
176 245 340 370 
79 192 219 236 
38 195 283 349 390 
102 179 238 313 443 
236 238 340 443 
179 195 238 255 443 
79 258 340 346 426 
10 80 81 108 153 180 231 272 282 287 415 
3 29 53 57 68 82 107 134 204 208 215 217 225 236 238 247 263 265 296 310 316 323 332 335 342 346 355 396 403 418 
20 124 322 328 
103 236 312 330 443 
45 125 132 321 401 
238 312 339 346 443 
62 238 317 377 426 
107 192 238 261 426 443 
11 108 118 205 305 385 
120 192 195 270 340 
87 190 238 377 
43 197 217 276 366 418 
192 236 238 270 
157 227 287 305 
9 236 408 418 
192 270 313 330 
92 120 140 173 213 238 267 270 286 346 443 
87 222 312 320 340 344 
87 117 346 443 
62 179 236 346 
107 182 192 236 425 426 
20 192 270 401 443 
236 238 366 426 
104 156 227 239 439 
45 132 192 340 344 
79 88 270 346 
73 179 192 270 443 
158 219 346 443 
39 179 192 195 238 393 
228 290 408 432 
75 236 238 270 340 
158 276 346 443 
107 236 320 377 426 
81 98 305 354 369 415 
179 211 236 270 443 
84 179 258 340 436 
6 195 236 238 270 
7 59 97 116 156 227 230 278 305 395 
9 45 195 284 316 335 
62 163 236 286 
44 98 102 139 153 197 297 305 
129 164 282 428 
62 143 147 238 270 346 425 
22 66 238 443 
236 238 340 418 
107 179 270 340 
175 236 270 340 401 
155 238 366 418 443 
37 44 157 231 
195 238 340 346 429 
57 104 265 316 318 
24 62 107 222 236 437 
236 330 408 418 
238 259 286 408 
37 87 101 179 299 340 
236 330 339 366 443 
40 236 238 266 270 296 345 426 
132 318 346 370 
13 47 62 236 346 388 426 429 
162 236 238 270 361 443 
101 109 270 366 426 
68 190 237 310 
236 276 339 418 443 
0 3 18 28 41 49 52 57 72 89 99 112 114 135 142 144 150 151 161 170 182 192 195 201 215 216 238 243 246 253 262 277 289 290 301 304 313 316 330 344 367 371 382 400 416 417 420 424 433 
38 116 189 194 404 
18 312 340 377 
95 136 179 199 329 432 
79 192 195 236 340 
62 190 215 283 295 428 
238 286 321 373 
69 82 219 236 330 357 380 418 
87 270 340 346 
19 42 58 192 236 238 260 340 347 
180 221 246 322 338 404 
5 27 126 177 184 192 236 238 270 301 338 416 
346 418 424 426 
1 5 9 16 25 49 54 66 70 76 78 89 110 123 125 128 131 136 137 140 142 144 179 183 188 190 195 204 213 214 218 229 235 236 237 238 248 249 270 281 284 289 306 311 312 313 315 325 345 351 364 371 373 377 383 406 411 413 416 419 432 434 
219 270 310 346 
62 180 219 248 426 
4 12 27 46 68 83 86 111 114 125 144 152 154 165 179 183 192 200 214 229 238 244 250 277 280 281 283 302 309 319 321 326 327 333 335 351 360 366 372 378 387 393 401 417 433 438 443 
9 332 392 397 
10 96 127 156 199 428 
83 219 238 340 443 
13 37 60 182 197 299 
195 270 346 443 
48 179 279 310 377 443 
238 270 331 426 
219 236 270 443 
33 117 192 340 380 443 
96 124 282 305 415 
238 270 340 346 
82 87 89 235 238 254 270 330 
117 236 238 270 
236 238 366 388 414 443 
236 238 346 418 
150 346 418 426 
93 239 359 400 
132 192 238 270 
192 195 236 238 
117 179 184 291 344 443 
87 179 340 443 
117 127 238 270 340 
192 238 270 336 408 
52 73 110 143 186 193 194 198 203 238 268 298 312 330 333 335 336 352 365 367 368 378 394 422 426 
101 238 340 367 
189 244 270 338 387 
17 26 100 133 167 246 
236 270 377 417 
62 99 270 307 330 428 
91 117 270 426 443 
1 13 234 236 330 346 443 
11 81 97 98 129 139 153 264 282 305 369 398 415 
91 145 266 293 330 346 426 443 
192 195 236 443 
7 10 153 407 
10 116 164 287 354 405 
101 238 310 443 
101 270 366 443 
226 376 388 392 
192 207 236 344 
5 9 15 19 23 25 35 42 46 49 50 55 56 57 67 70 71 74 77 84 86 87 88 90 99 110 113 117 119 128 130 135 136 138 146 148 150 152 155 160 162 167 168 171 172 174 175 178 183 186 188 190 192 203 208 209 210 214 223 226 229 235 238 240 245 248 256 259 262 267 273 274 276 280 286 288 290 292 311 312 318 319 324 327 331 333 337 340 342 344 345 346 350 352 355 356 358 360 364 372 374 390 391 401 406 412 416 420 426 427 430 434 436 440 442 443 
177 192 366 408 414 443 
0 2 3 5 15 18 21 22 25 27 28 32 36 41 49 50 51 52 53 56 62 64 66 69 72 74 77 79 88 99 101 107 112 113 114 117 121 122 123 126 128 132 138 144 146 152 158 159 160 163 165 169 172 175 179 185 188 190 192 195 198 202 206 207 208 209 210 213 214 217 218 219 220 232 236 240 244 245 248 249 254 259 265 268 269 271 274 276 280 285 286 288 290 298 301 306 309 310 311 312 313 318 319 324 325 326 330 331 333 335 346 348 353 358 362 365 366 367 370 372 374 376 382 384 385 387 392 396 397 399 401 408 410 411 413 418 420 426 427 431 432 436 437 438 441 
13 139 212 278 305 328 415 
79 107 236 238 
10 328 349 369 
21 261 357 422 
57 179 270 443 
195 221 238 257 340 377 
62 109 236 238 250 366 443 
179 189 222 312 320 331 340 
117 270 377 408 
20 192 194 236 238 330 
192 238 270 426 
195 245 418 430 
87 270 340 346 443 
7 69 294 380 383 398 
87 179 310 330 443 
207 238 312 346 
87 114 262 283 
236 349 408 424 430 
67 244 292 383 
26 115 151 374 
14 21 169 236 238 261 293 340 346 362 385 
59 188 321 350 364 
123 242 259 382 403 
87 97 179 236 255 349 366 
62 117 270 330 
59 102 104 227 297 305 415 
30 48 117 166 238 312 389 443 
62 97 172 228 432 
132 236 340 381 443 
20 73 219 238 294 346 443 
87 238 426 443 
16 18 23 34 39 46 50 64 66 71 72 79 84 86 87 90 99 101 106 107 125 128 131 132 137 141 142 146 150 152 158 161 162 172 175 176 187 190 192 193 200 202 203 206 207 208 213 217 218 221 223 224 225 233 243 247 249 251 263 273 276 283 310 321 326 327 330 332 334 342 344 350 352 356 362 363 366 368 374 377 379 382 387 391 392 393 397 401 408 410 411 419 422 
238 418 426 443 
98 116 305 398 415 
40 79 107 236 270 402 
236 238 340 443 
90 301 408 418 
77 100 127 147 178 236 238 270 300 301 357 443 
79 179 195 443 
153 239 305 415 
201 374 401 436 
195 236 238 346 
87 192 195 346 
44 60 116 157 205 227 405 439 
111 184 195 255 270 346 443 
154 192 330 408 443 
62 238 317 344 377 
105 132 155 169 185 236 238 348 360 371 378 402 406 426 
116 129 231 369 422 
40 63 236 238 312 443 
179 192 346 443 
145 179 236 238 340 
3 50 215 417 
22 236 257 340 397 404 430 
18 64 228 259 
252 268 364 418 426 
88 184 340 366 401 
18 117 172 310 442 
7 73 156 264 415 
219 238 307 340 366 409 
104 170 199 407 
25 276 330 408 
179 190 238 275 276 418 
54 85 195 340 443 
25 344 366 401 
2 179 424 442 
8 10 60 93 98 124 129 149 153 156 205 227 239 264 272 278 328 369 404 405 
192 238 366 408 
22 224 298 357 380 
30 62 340 418 443 
47 58 75 195 238 418 426 
51 57 62 70 94 117 177 193 201 232 238 253 270 296 320 343 347 353 421 442 
192 236 238 443 
12 14 31 84 119 121 133 181 192 219 236 238 246 254 265 288 341 345 346 347 348 363 437 
69 112 131 179 192 238 386 425 443 
38 79 330 401 443 
79 85 192 366 423 
33 117 154 166 179 323 330 370 443 
33 55 122 285 
166 173 236 238 346 408 
195 236 238 340 433 
133 148 246 310 
120 185 195 260 270 340 385 426 
8 93 95 118 189 332 365 
117 316 340 443 
236 238 424 443 
192 238 357 426 443 
195 238 270 402 414 443 
195 236 270 346 
118 239 241 305 
182 330 340 426 443 
0 29 33 65 68 76 94 119 131 168 171 179 186 207 219 224 226 228 238 248 253 263 270 284 300 314 316 329 340 394 423 
202 236 238 246 340 359 380 418 
117 196 270 322 346 377 
195 219 236 238 409 426 
270 340 346 426 
1 63 117 154 195 219 238 
48 218 219 439 
41 62 236 426 
9 107 189 190 221 352 
80 121 171 178 
16 26 27 29 32 34 35 41 50 55 56 62 64 65 66 68 72 78 86 92 106 109 113 115 125 133 140 146 151 160 161 162 165 170 181 183 187 188 198 204 206 216 217 220 236 244 246 251 259 267 274 290 292 295 298 302 308 319 321 323 329 330 331 334 342 346 350 351 355 358 363 386 397 411 413 418 420 426 427 430 436 440 443 
2 87 312 367 
117 236 270 340 
63 310 346 367 401 
32 62 83 85 100 133 140 179 215 235 236 270 285 303 373 383 388 
172 192 236 312 
9 12 22 23 34 51 52 64 65 71 105 106 115 117 121 132 134 135 141 143 147 158 165 173 174 187 191 193 200 206 210 211 226 228 236 238 251 254 259 268 280 281 283 289 312 318 327 332 334 340 343 375 384 389 391 394 399 400 412 421 422 437 438 442 
188 310 312 426 
238 286 312 352 
87 111 241 256 262 
14 236 260 270 340 407 443 
18 192 195 340 
62 219 236 270 338 348 
79 238 310 371 426 
17 108 149 231 389 
101 117 236 340 
236 270 426 443 
51 186 242 276 307 325 
20 236 238 340 443 
87 212 331 386 430 443 
195 236 286 426 
45 66 107 175 381 397 407 424 
238 259 270 426 
270 312 340 418 
61 192 236 260 294 408 426 
79 101 219 238 322 
36 42 67 76 78 91 127 138 163 171 176 195 209 233 237 238 245 262 270 295 298 303 306 315 425 426 430 434 
4 179 219 220 238 341 343 409 443 
85 219 270 418 443 
149 227 241 287 305 
109 173 238 316 418 426 
63 179 192 286 353 426 
62 195 236 238 
185 192 344 384 418 443 
75 236 238 258 270 279 435 443 
107 346 408 430 
88 234 238 394 426 443 
31 48 122 126 148 181 192 201 223 244 247 270 285 332 378 379 402 421 424 426 432 443 
195 219 286 377 
62 270 377 426 
46 186 204 252 307 331 
11 267 361 390 416 
62 179 238 261 270 
17 62 99 192 252 257 344 
238 346 373 408 
88 124 238 259 321 
107 313 340 359 
195 221 238 270 426 
3 174 209 234 344 
103 265 346 354 430 
107 111 236 381 418 426 
236 270 346 426 
196 234 238 270 418 443 
144 195 270 426 
219 330 346 376 
8 98 153 415 
117 238 418 443 
58 196 238 270 292 340 361 418 
33 227 252 272 
87 238 346 443 
179 212 346 426 443 
12 54 76 78 100 120 137 162 195 236 238 270 279 295 303 314 343 413 423 427 433 438 
273 286 326 377 
79 117 261 426 435 443 
11 180 189 292 305 
11 103 231 282 305 439 
40 192 236 286 426 
80 230 299 350 361 
39 70 79 130 145 168 169 218 237 238 247 256 270 275 284 300 306 318 364 375 384 426 
2 298 333 367 
238 270 426 443 
30 192 238 270 340 
62 236 346 443 
192 238 340 401 
6 51 209 237 326 
10 11 44 104 116 149 205 227 239 264 272 278 297 395 
179 190 192 236 381 
179 195 223 291 426 443 
2 15 21 25 26 31 36 51 55 56 57 62 67 71 74 77 87 92 100 117 127 130 160 163 168 178 186 191 210 211 238 250 271 275 294 301 308 309 331 340 363 368 370 373 390 392 396 397 424 431 441 443 
101 107 192 270 
62 179 236 238 340 
310 346 377 430 
2 108 219 242 270 287 346 435 
315 330 401 426 443 
26 179 191 256 304 324 361 377 418 443 
43 136 158 313 366 
0 3 4 9 28 34 35 42 53 74 75 79 89 90 115 122 123 136 138 148 172 174 176 191 194 202 211 219 225 228 236 238 249 269 271 286 294 309 321 325 329 333 334 337 340 347 353 356 360 362 364 366 370 371 376 377 379 387 390 391 393 400 403 406 408 410 417 423 431 441 442 443 
236 238 340 401 
71 157 184 197 224 
93 96 165 174 
15 19 41 54 105 236 250 256 292 340 359 366 375 389 421 443 
47 55 238 418 426 443 
107 145 182 192 238 266 377 
179 195 319 401 
107 192 236 366 
11 374 403 422 
61 151 236 238 279 340 443 
30 87 167 238 312 346 
195 238 346 401 
6 17 80 139 282 336 405 
62 236 340 443 
87 238 418 426 
236 296 304 310 346 426 
2 18 19 22 23 24 28 29 32 36 46 54 65 67 82 84 87 88 92 94 101 105 107 112 113 114 119 121 123 132 134 137 142 143 147 150 159 163 171 175 178 195 198 200 201 203 204 209 215 216 225 226 228 229 232 233 236 237 243 245 251 253 265 267 268 269 271 274 276 277 283 284 288 289 302 308 311 313 314 316 323 324 325 326 329 340 350 356 358 359 367 368 373 374 376 377 392 396 399 400 403 410 412 417 418 423 424 426 430 431 436 440 
