444
33 38 59 62 250 263 310 399 436 
4 59 80 182 341 
62 151 275 330 334 
77 288 295 385 
1 10 91 156 340 354 389 410 433 
24 281 358 436 437 
54 57 268 360 
73 94 102 116 126 192 229 413 
10 61 86 93 111 116 118 194 197 234 241 258 260 282 349 369 394 
49 107 191 212 373 
4 8 266 287 354 
34 167 191 255 281 
106 250 330 413 
26 250 254 436 
24 26 216 437 443 
60 106 194 218 295 337 
432 437 442 443 
127 238 413 418 437 
41 145 151 210 250 436 
34 373 434 443 
293 297 341 347 
202 343 417 421 
41 121 151 437 
88 119 325 388 436 
5 14 28 51 66 75 84 87 107 109 114 123 131 175 176 203 204 206 207 217 240 253 263 270 276 288 290 303 321 350 376 387 397 435 436 
62 88 174 175 225 250 392 437 
13 14 27 29 40 42 52 53 56 65 67 68 72 76 89 107 112 132 137 163 164 171 176 178 183 188 193 195 215 224 226 233 244 250 251 268 270 274 277 281 289 296 303 320 327 329 330 343 346 351 362 370 379 384 386 406 408 413 416 418 419 423 424 431 436 438 
26 107 138 167 180 263 318 435 443 
24 52 171 273 278 411 422 434 437 440 441 443 
26 106 357 367 443 
51 143 424 436 
44 261 287 317 
151 195 206 250 279 374 436 
0 62 145 358 
11 19 52 58 78 301 303 384 427 437 443 
250 358 406 436 443 
80 249 258 355 
268 282 391 432 443 
0 119 413 417 
192 250 335 413 418 
26 41 413 418 
18 22 40 49 62 121 122 175 179 214 262 267 321 336 344 366 377 378 388 409 437 443 
26 151 153 281 443 
145 268 335 436 
31 104 156 222 252 287 317 394 
77 103 238 240 303 
167 353 426 437 443 
62 151 250 307 443 
150 167 187 337 
9 41 117 142 150 187 203 219 223 225 244 250 296 322 333 355 368 382 384 392 413 436 437 443 
367 436 437 443 
24 30 229 253 443 
26 28 34 115 219 292 
26 113 303 330 
6 107 167 250 347 437 
84 225 244 376 
26 107 167 367 
6 136 153 167 250 425 442 443 
34 123 259 281 
0 1 115 220 436 443 
15 230 291 414 
8 86 93 111 230 369 
0 2 25 33 41 47 68 72 99 123 136 147 151 162 167 173 174 190 200 218 249 274 295 297 304 312 313 320 326 335 358 359 363 366 374 382 401 412 421 432 436 
230 237 285 369 
250 254 313 437 
26 169 254 434 443 
24 246 310 437 442 
26 119 254 413 
26 62 250 443 
83 189 253 330 338 401 
151 250 370 437 
83 111 164 293 331 
26 62 106 254 352 
7 115 168 347 
85 151 303 437 443 
24 165 332 346 443 
26 238 337 443 
3 45 151 337 437 443 
34 212 392 436 443 
151 206 229 303 321 
1 36 390 440 
156 157 182 287 
134 217 227 367 437 
69 71 151 166 310 436 443 
24 55 92 370 436 443 
74 344 379 427 429 
8 61 111 118 230 347 369 
24 367 401 443 
23 25 158 211 227 233 249 250 309 382 436 443 
26 250 303 443 
107 151 436 443 
4 322 345 357 
84 185 315 333 
8 61 118 258 
7 106 151 437 442 
121 180 235 239 
157 285 287 351 
106 170 206 238 266 401 
149 232 245 418 
62 310 418 443 
151 173 220 238 303 318 361 443 
144 161 176 195 
7 252 328 340 
45 122 352 410 
44 287 340 369 
127 145 392 434 436 443 
12 15 29 72 94 97 119 135 151 158 193 213 229 250 315 363 390 407 420 436 441 
9 24 26 27 54 56 90 110 136 164 168 191 201 228 250 256 289 310 350 353 372 437 
148 171 179 333 
24 115 442 443 
107 250 377 436 
8 61 71 86 234 255 398 
26 221 250 373 443 
53 114 134 151 186 193 203 267 303 355 365 409 421 442 443 
24 113 167 442 
52 59 73 109 146 190 209 213 217 229 235 251 262 310 335 357 397 425 430 443 
7 8 239 264 
49 250 436 443 
8 86 93 197 230 349 369 
23 38 67 106 135 151 210 338 387 436 443 
167 229 428 436 443 
22 41 95 249 370 437 443 
41 103 151 167 437 
24 58 62 196 309 337 341 
181 283 287 345 369 
229 238 401 436 
7 262 287 425 
17 105 140 323 341 
283 307 413 441 443 
151 243 286 333 
250 256 330 437 443 
24 205 250 436 443 
26 436 437 438 443 
189 264 379 403 
82 113 250 358 372 404 437 443 
106 119 406 434 443 
57 62 107 436 
26 418 436 442 
27 253 422 429 436 443 
140 147 257 313 
127 139 153 250 418 434 443 
229 385 413 437 443 
49 238 250 310 
30 219 227 279 342 367 427 
101 202 250 281 309 370 393 395 405 443 
18 33 43 105 160 165 250 291 418 443 
115 160 373 436 443 
62 139 240 330 434 
108 223 311 397 442 
98 156 197 287 403 
48 49 250 434 443 
2 18 22 32 42 47 62 70 74 77 79 83 90 94 100 106 113 119 122 129 174 178 202 206 208 218 219 226 235 250 251 256 265 269 271 276 281 310 326 330 333 335 343 344 351 357 365 366 367 370 371 381 383 390 413 417 418 426 427 434 436 437 440 443 
373 413 437 443 
42 57 140 407 
202 229 280 346 408 
373 413 436 443 
4 44 81 149 199 220 222 299 354 395 433 
81 96 287 360 439 
88 106 254 303 
206 237 281 310 311 381 436 
145 146 365 373 
101 200 209 229 250 370 443 
62 333 391 395 442 
26 176 436 443 
26 71 107 339 380 418 
75 145 219 253 337 
83 167 181 344 392 
11 27 46 48 54 56 57 62 114 120 122 166 185 187 188 191 192 203 207 208 214 254 259 268 271 311 323 343 344 359 371 376 405 436 443 
73 107 217 229 344 
65 257 306 309 
97 262 314 349 354 369 
26 28 108 217 285 434 
245 250 408 437 443 
62 100 401 442 
25 62 151 367 
24 25 41 184 437 
24 26 101 163 273 310 437 
277 329 367 395 417 
26 151 418 436 
41 108 217 408 418 
27 95 209 243 282 323 340 344 
124 166 220 440 
1 81 197 287 369 
26 215 436 443 
175 246 274 315 415 427 
92 167 206 352 442 443 
113 204 250 337 420 
48 49 167 238 437 
26 167 344 396 439 443 
69 133 232 273 281 
62 115 437 443 
9 11 107 167 226 291 292 432 443 
7 39 167 211 236 401 436 443 
26 106 113 343 
8 15 261 282 283 300 
26 32 101 436 443 
123 297 339 364 397 
8 118 149 182 258 260 264 314 345 369 
310 313 401 443 
156 222 258 287 
62 161 367 370 442 
107 238 257 341 408 436 
21 144 151 154 331 404 408 437 
24 49 113 167 
24 186 421 427 
131 228 264 416 
24 32 79 97 151 159 185 224 301 313 337 365 381 435 437 443 
24 167 335 373 
151 167 347 373 443 
115 161 180 426 436 
18 119 363 437 
88 192 217 309 
9 78 258 289 
106 115 277 436 
41 167 323 418 
26 183 229 250 348 443 
14 408 436 442 
24 82 115 168 171 179 211 242 244 254 367 443 
15 62 151 280 295 308 321 332 436 439 
49 52 143 151 165 251 352 371 379 405 408 430 
59 100 156 181 381 
112 325 361 418 
44 156 199 266 287 317 
49 148 281 335 357 436 
26 206 408 437 
25 49 55 325 337 
26 151 191 436 
82 88 143 279 338 342 
107 205 231 238 413 436 
7 51 79 106 115 120 125 141 154 161 168 215 233 254 309 312 319 346 364 371 383 388 391 400 430 432 436 437 443 
60 61 63 86 118 293 
228 235 304 440 
98 189 250 310 437 443 
26 88 229 443 
8 111 299 339 
95 115 151 231 310 370 
192 337 355 367 373 422 
63 159 253 303 443 
17 45 76 97 100 125 142 187 201 228 265 276 283 289 290 305 310 348 370 376 401 436 443 
95 116 314 369 
24 45 147 254 415 437 443 
8 262 283 369 441 
217 253 420 436 
129 180 303 344 437 442 
26 49 55 217 443 
98 172 321 437 443 
66 184 383 392 
335 370 373 436 
250 370 436 443 
36 62 88 121 421 
0 12 13 18 25 26 32 35 39 47 49 54 57 64 68 70 88 89 106 107 110 112 117 130 131 134 140 142 144 145 150 151 161 172 186 215 232 248 253 269 271 272 281 286 295 298 301 302 312 315 321 323 326 330 334 346 350 359 360 367 368 386 387 391 411 418 424 426 427 431 434 442 
26 115 151 219 
44 102 287 433 
24 51 69 138 165 237 242 250 297 318 320 335 358 373 397 412 443 
13 64 65 67 72 158 167 217 229 240 272 327 436 
11 111 261 322 
107 130 151 443 
139 169 201 330 333 410 413 
8 36 93 197 199 212 293 317 328 339 345 369 414 
58 167 310 320 355 367 393 443 
8 197 317 388 
31 194 255 394 415 
41 115 126 170 241 264 315 349 410 437 
0 24 27 264 443 
116 133 197 205 262 263 
151 238 421 424 
10 97 222 390 
41 113 310 436 
6 26 37 43 167 304 327 385 406 443 
151 250 408 443 
24 26 413 443 
151 167 250 436 
250 254 313 437 
28 176 189 280 298 308 
26 62 184 322 437 443 
2 285 309 411 
24 151 238 380 436 
26 177 213 331 367 393 422 436 443 
28 369 418 440 
32 143 227 313 324 
154 218 273 308 
5 11 26 42 58 144 151 159 189 223 250 284 288 290 305 322 353 386 390 431 436 439 
8 37 180 194 
124 128 194 238 241 377 
281 310 332 367 406 
63 96 171 275 337 367 401 434 
129 250 367 442 443 
10 31 44 81 96 104 124 126 149 157 182 199 222 252 299 317 328 414 433 
3 24 281 310 443 
26 107 212 238 443 
24 238 281 437 
60 145 191 297 315 
52 191 317 345 
20 71 230 258 
402 412 419 423 
3 15 62 218 250 300 333 
26 49 315 404 437 
20 62 196 253 291 442 443 
250 273 308 335 338 397 443 
156 234 287 414 
194 295 307 327 
34 206 250 360 415 436 
250 333 436 437 443 
24 26 34 45 53 74 79 89 100 113 158 237 243 334 343 384 393 436 443 
62 231 268 322 363 373 437 
238 281 325 392 
169 370 373 437 443 
47 128 300 380 
218 273 280 298 324 
88 123 144 169 211 229 275 319 331 351 373 
0 66 83 99 107 115 142 151 159 176 198 232 235 238 259 267 284 288 324 400 426 443 
148 159 167 367 443 
62 229 250 443 
62 64 139 198 206 272 279 356 373 443 
170 197 239 369 
92 106 184 250 262 291 296 348 437 443 
330 409 413 436 437 
31 44 222 258 260 287 292 
27 100 253 376 
229 309 337 443 
26 62 253 259 429 
24 41 79 218 245 250 437 
49 91 255 274 281 304 
127 167 180 214 250 341 370 443 
279 308 310 406 
23 221 225 305 373 436 437 443 
62 151 250 443 
26 254 268 300 437 
102 258 287 369 
26 177 436 437 443 
2 12 26 53 69 130 147 151 250 257 316 331 416 435 443 
71 202 277 309 330 
75 218 284 333 
49 92 108 129 151 162 257 295 302 332 356 443 
2 250 303 436 443 
39 43 62 115 151 207 223 247 253 298 375 396 402 412 415 
41 361 370 436 443 
15 48 76 77 123 165 186 206 225 236 285 319 356 367 401 437 
69 119 227 298 
164 196 234 258 
4 102 104 180 
1 20 123 127 201 323 373 
143 227 374 424 
21 26 151 167 193 303 
41 85 151 166 167 168 180 188 243 377 419 420 443 
91 124 197 258 292 
26 75 154 229 250 370 428 
20 54 73 86 208 379 389 
215 238 315 408 
8 118 170 262 
24 107 250 443 
26 96 151 309 443 
72 103 185 219 409 
46 107 281 367 
4 10 156 170 
36 49 113 236 259 
313 333 337 365 429 
29 91 115 151 223 
5 33 35 62 134 253 
62 167 250 434 
6 157 250 301 389 398 
100 221 336 367 397 
26 373 392 443 
62 106 210 304 425 437 443 
196 229 436 442 443 
113 151 160 206 356 443 
41 62 151 404 436 
29 50 56 82 87 143 151 174 177 200 217 236 250 259 277 284 285 286 311 337 353 361 375 377 407 424 443 
49 250 437 438 443 
8 61 63 86 104 118 124 170 182 197 239 241 258 278 314 328 403 414 
26 70 84 121 144 151 161 200 235 238 247 248 306 323 336 346 376 382 436 443 
151 167 219 229 
107 134 379 398 436 
9 19 112 146 152 155 160 207 208 236 247 253 304 306 309 313 325 341 362 375 402 431 436 437 443 
32 62 342 428 436 443 
335 367 373 437 
24 55 167 238 318 370 
41 110 283 344 367 437 
41 434 436 437 
26 85 133 219 347 372 436 443 
164 276 307 424 432 436 
151 159 206 220 388 436 
49 62 88 370 
151 229 246 436 443 
26 34 49 303 
3 141 268 413 417 
26 250 281 418 
24 119 250 408 
23 41 229 260 381 
4 347 360 394 398 
80 106 151 266 281 421 
37 162 229 250 436 443 
25 49 78 105 166 246 305 362 413 437 
144 259 277 303 
8 44 261 389 
144 156 162 177 
188 335 437 443 
24 115 148 196 253 298 361 436 
111 360 372 389 
0 413 426 440 
229 310 437 443 
62 69 87 97 125 173 192 198 238 285 337 408 420 443 
294 335 373 436 443 
133 149 369 435 
134 202 296 366 
144 167 219 442 
26 35 135 268 284 324 443 
106 153 367 436 
26 154 172 179 201 202 216 219 224 269 348 387 401 424 426 437 443 
41 113 316 352 
4 103 257 262 
28 250 275 418 443 
62 253 294 335 428 443 
7 12 17 26 38 39 40 49 67 128 141 151 152 155 228 257 270 316 385 392 399 
60 258 287 299 369 
184 240 261 301 335 
26 205 330 442 443 
21 38 151 177 385 427 436 443 
17 26 39 40 98 99 137 140 145 151 164 178 179 214 221 250 278 386 411 440 443 
26 294 344 437 443 
106 186 242 344 401 443 
21 62 113 204 249 265 390 423 443 
28 138 236 277 
26 294 421 436 443 
26 30 250 265 342 367 380 408 
57 115 126 363 437 
46 151 209 250 310 399 408 
34 85 143 151 184 204 250 417 436 443 
120 346 374 412 
85 138 320 356 
115 219 229 443 
26 250 281 373 
16 37 62 191 229 380 436 443 
4 156 252 287 
19 28 65 105 135 140 147 150 151 171 250 285 359 378 436 443 
24 27 206 330 403 
0 5 13 18 23 24 26 30 32 35 43 49 50 59 62 78 83 84 88 90 105 106 110 117 119 120 125 131 132 136 137 138 146 151 155 159 163 167 178 183 192 195 201 209 213 216 218 223 226 228 229 238 242 247 248 254 267 271 276 277 281 301 302 303 316 325 329 334 336 364 366 370 372 373 374 378 379 380 381 383 391 397 402 407 417 423 427 432 434 438 442 443 
5 14 16 17 22 25 28 34 41 46 49 50 54 64 66 70 74 77 82 94 107 121 122 130 132 134 141 151 152 172 175 176 187 190 202 206 210 224 229 232 240 243 245 262 272 274 290 296 302 304 306 315 316 321 325 327 329 337 363 368 373 375 377 378 392 396 400 408 419 425 
26 132 368 436 
157 188 218 281 442 
28 80 151 181 231 278 399 418 443 
28 106 128 241 443 
16 57 66 94 109 113 114 137 148 162 173 185 200 216 243 250 286 297 364 405 416 436 439 443 
14 16 19 27 28 29 34 35 37 41 42 46 47 49 50 51 57 59 65 68 74 75 76 77 78 83 84 87 88 89 90 99 100 105 109 112 113 115 117 119 120 121 128 130 131 132 134 135 138 140 141 144 145 146 150 151 152 155 161 163 167 172 183 185 188 190 191 192 195 198 206 208 215 217 229 232 233 237 238 240 244 245 248 253 256 259 263 268 269 270 274 277 286 288 289 297 298 302 303 306 310 311 312 313 315 319 323 325 326 329 330 333 334 336 344 350 351 362 363 364 365 367 368 370 373 374 379 383 391 396 400 401 402 406 408 411 412 416 417 418 419 420 421 423 427 430 432 434 436 440 441 442 
