444
175 246 248 325 370 418 436
3 40 78 196 211 384
21 148 157 237 326 374 398 428 438
1 40 78 181 211 403 440
103 212 252 278 287 429
76 101 206 210 294 375
7 20 152 225 293 299 336 339 388
6 20 102 116 234 275 297
61 118 197 260 353 369 382 425
163 190 192 270 272 290 426
96 153 166 212 278 414
54 176 182 230 264 344 405
84 100 187 240 245 302 323
97 152 170 241 254 323
89 184 209 235 327 328 362 372 376
165 194 218 298 343 362
26 84 101 113 195 240 303 312 399
37 45 60 97 149 180 305 323
202 277 288 331 332 338 352
27 138 155 194 208 281 343
6 7 234 297 339 388
2 69 157 161 237 374
125 135 198 269 300 307 368
78 203 220 260 382 404
49 167 216 223 406 437
168 247 249 325 363 421
16 113 151 167 250 419 437
19 138 155 327 343 362 392
134 150 172 203 326 440
34 74 94 110 251 371
82 145 227 233 273 308 411
96 164 166 291 292 317 414
54 113 225 303 312 388
72 91 124 224 345 409
29 67 110 200 286 342 371
39 92 93 150 197 207 237 260 326 382
58 73 99 114 173 204 257 318 403 412 435
17 45 53 103 149 162 429
44 59 95 104 285 385
35 78 92 260 378 384 425
1 3 129 173 196 403
176 193 223 256 296 419 437
56 93 134 207 214 255 283 382
48 51 68 82 98 145 177 227
38 59 104 235 289 385
17 37 60 149 162 379
163 190 272 309 357 364 426
233 241 254 336 365 381
43 68 76 177 210 357 375
24 133 167 216 217 274 406
75 122 171 209 219 268 328
43 68 98 177 276 424
141 155 191 281 431 434
37 100 162 252 355 379
11 32 113 147 176 430
288 320 337 338 352 422
42 115 134 183 207 214 283
119 138 281 370 373 392
36 63 129 173 242 257 318 361 403 435
38 44 95 104 285 372 385
17 45 97 149 162 379
8 71 86 111 118 197 369 382
290 313 340 346 393 401
58 108 242 360 361 402
112 137 253 311 397 412 442
184 306 362 376 392 432
88 121 146 229 396 423 427
34 74 136 335 371 396 413
43 48 51 163 177 276 357
21 93 183 207 237 265 283
99 131 168 172 228 246 249
61 86 111 197 214 255 314 382 433
33 91 124 198 269 345 387 390
36 341 378 398 435 438
29 67 94 159 335 391 413
50 165 169 189 284 298 322 332 356
5 48 177 210 266 294 375 393
94 161 251 253 374 397
1 3 23 39 203 211 404 440
132 135 188 205 236 267 400 408
139 182 231 405 407 439
156 185 230 258 291 354
30 43 98 145 227 279 411
166 223 256 274 304 320 389 394 422
12 16 152 225 240 303 323
120 125 315 386 400 434
61 71 111 314 349 433
115 142 201 203 240 399
66 121 136 310 329 396 427
14 184 235 348 367 372 376 385 443
107 188 238 350 420 427
33 72 124 198 390 409
35 39 157 237 326 341 378 425 428
35 42 69 197 255 382
29 74 77 159 251 335
38 59 104 285 372 385 395
10 31 164 166 317 394 414
13 17 60 305 323 379
43 51 82 227 276 424
36 70 172 204 228 318 403
12 53 162 187 217 245 302 379
5 16 179 195 206 303 312
7 116 174 275 297 344
4 37 149 239 252 287 354 429
38 44 59 95 127 285 395
127 169 189 221 322 328 358 395
130 140 160 201 310 329
90 136 188 238 330 408 420
63 263 306 360 361 402
147 166 217 226 250 256 291 383
29 34 134 143 161 183 200 251 342
61 71 86 255 314 349
64 159 311 363 421 442
16 26 32 54 147 303 312
36 131 204 244 257 412
56 87 214 273 308 324 441
7 102 174 275 294 415
142 179 186 195 316 333
8 61 222 260 353 369
57 215 263 301 373 392 432
85 125 280 300 368 386 434
66 88 146 178 310 329
50 140 171 268 271 277
213 276 286 309 364 371 424
33 72 91 231 261 345 387 416 439
22 85 120 135 300 368 386
156 180 258 293 299 305 339
104 105 221 285 289 358
214 255 265 283 308 314 441
40 58 173 242 257 435
106 140 160 201 310 329
70 114 204 228 232 243 244 247 249 318 319
79 135 188 205 267 269 315 368 400
49 153 199 212 274 394
28 42 56 110 150 183 207
22 79 125 132 205 307
67 88 107 238 259 330 350 396 420
64 247 249 253 412 442
19 27 57 373 392 432
80 174 231 261 264 405
106 122 130 160 171 201 219 327
52 191 229 417 431 436
87 117 259 310 329 330
110 183 200 265 324 342
154 202 224 288 321 331 380 410
30 43 82 227 365 375 411
66 121 178 229 418 421 423
54 109 113 176 185 250 291
2 157 253 374 397 398 438
17 37 45 60 103 180 239 429
28 35 134 203 207 211 326 440
26 167 217 250 302 437
6 13 84 225 254 299 305
10 133 199 212 278 394
144 202 224 295 300 380
19 27 52 208 281 343 434
81 126 180 185 239 258 293 305 354
2 21 92 148 237 428
186 192 316 333 346 377 401 408
74 94 112 251 311 335 363 391 442
106 130 140 201 219 289 406
21 77 110 183 251 374
37 45 53 60 100 379
9 46 68 266 272 290 357
31 96 166 292 317 414
15 75 169 284 298 356
10 31 83 96 109 164 256 317 414
24 26 49 151 216 406 437
25 70 178 246 247 249 325 363 418 421
75 105 165 298 322 328 362
13 233 241 254 262 349
50 122 140 219 268 271 298 327
28 70 99 178 228 246 421
36 40 58 129 196 403 435
102 116 139 264 344 366 430
0 215 246 248 319 325 370 373
11 41 54 147 193 292 430
43 48 51 68 76 357 375
121 146 168 172 246 421
101 117 195 312 316 334 419
17 126 149 156 239 258
3 235 348 367 403 443
11 80 193 292 317 405 407
56 69 110 134 143 161 265 342
14 65 89 306 360 376
81 147 156 225 302 305
117 158 195 259 316 333 377
12 100 240 245 355 359 399
79 90 107 132 315 400 431
75 105 221 322 332 356
9 46 270 272 309 350 426
52 141 248 370 417 436
9 158 236 270 340 377 401 408 426
41 176 182 256 292 296 317 407
15 19 208 218 280 343
16 101 117 179 186 316
1 40 173 341 378 384
8 35 61 71 93 382
22 72 91 224 269 307 409
133 153 212 304 389 394
34 110 143 279 286 324 342
87 106 130 140 160 399
18 144 154 277 295 331 410
23 28 78 87 150 211 440
36 99 114 131 247 249 318 412 438
79 132 135 236 267 282
5 101 290 313 316 346 393 415
35 42 56 69 134 150 326
19 155 194 271 280 343 434
14 50 219 289 327 328 367 372
5 48 76 294 375 415
1 3 78 150 203 440
4 10 133 153 199 278 394
123 286 309 364 371 424
42 56 71 115 128 359 382
119 175 263 301 319 373
24 49 167 223 274 406
49 100 109 151 226 250 302
15 194 271 280 284 295 298
50 140 160 171 209 289 328 367
23 222 355 359 382 404 433
105 127 189 322 356 358
118 220 260 353 369 404
24 41 83 216 256 320 337 422 437
33 144 154 198 307 380 409 410
6 32 84 152 185 293 305 323
109 217 252 287 302 383
30 43 82 98 145 279 324
70 99 131 172 249 318 319
66 141 146 418 423 427 436
11 81 297 339 344 388
80 124 139 261 405 407 439
131 243 244 301 318 319 402
30 47 170 241 254 262 273 411
7 20 275 299 336 381
14 44 89 181 348 367 372 385
79 192 205 267 270 340 408
2 21 35 69 92 157 326
90 107 136 259 330 377 408
103 149 156 180 258 354 429
12 16 84 87 187 359 399
13 47 170 233 254 262
58 63 129 348 360 361
131 232 244 318 361 402
114 131 232 243 257 318
12 100 187 323 355 359 379 433
0 70 168 172 175 178 325 421
25 131 137 168 204 249
0 175 191 281 370 373
25 70 131 137 168 204 228 247
26 109 147 151 217 302 437
29 77 94 110 159 161
4 53 103 226 278 287 383 429
64 77 137 148 311 374 397 438
13 47 152 170 233 241
42 71 93 111 128 283 314
41 83 109 166 193 223
36 58 114 129 244 318 435
81 126 156 180 239 354
136 142 186 238 330 426
8 23 35 39 118 222 353 382 384 425
124 139 231 313 366 416
170 233 241 308 349 441
108 119 215 301 306 402
11 139 174 344 405 430
69 128 143 183 283 342
76 163 272 290 357 393
79 132 205 236 269 282 340
50 122 171 271 277 284 406
22 72 132 198 267 282 390
9 190 192 236 272 426
122 171 208 218 268 298
9 46 163 190 266 270 357
30 115 233 308 411 441
49 83 133 216 304 389
7 102 116 234 294 415
51 68 98 123 279 286 424
18 122 202 268 284 331
4 10 153 212 252 287 383
82 200 227 276 308 324
120 194 208 218 295 386
19 52 57 155 248 370 434
205 267 269 340 390 401
42 56 69 128 255 265
75 165 218 268 277 295 331 332
38 59 95 104 127 395
34 123 200 213 276 371 424
4 103 226 252 278 383 429
18 55 144 321 337 338 347 352
44 127 160 209 219 406
9 62 163 206 266 346 393
31 81 109 147 354 383
31 164 176 182 193 317 407
6 126 156 225 299 305 388
5 76 116 210 275 393 415
154 202 218 280 284 331
41 193 320 347 351 439
7 20 102 230 339 344 388
15 75 165 169 171 218 271 362
6 126 152 234 293 336
22 120 125 154 307 380
119 215 232 263 319 402
12 100 151 185 217 226 250
16 32 84 101 113 312
83 199 274 389 394 422
17 97 126 152 156 185 225 293 323
65 108 184 263 360 376 402 432 443
22 135 198 224 300 380 409
30 115 128 262 273 279 324 441
46 123 190 213 350 364 420 426
88 106 121 130 142 329 330
64 112 159 253 397 442
16 32 101 113 179 303
62 206 261 334 346 366 387 390 401 416
71 86 111 128 255 349 441
85 132 188 368 386 400 431
117 158 179 186 195 206 333 334 346
31 96 164 166 182 193 292 414
36 58 99 131 204 228 232 243 244 257
131 175 215 228 232 301 325
55 83 223 296 337 347 422
144 288 337 347 351 410
75 105 169 189 221 328 356
12 13 17 84 97 225 245 305 379
115 143 200 227 279 308
0 25 168 175 246 319
2 28 35 92 150 207 237
14 27 140 171 209 362 376
14 50 105 169 209 219 322 395
88 106 121 130 142 310 330
107 136 142 238 259 310 329
18 144 202 277 284 295 352
18 75 189 284 338 352 356
117 158 186 316 377 408
179 313 316 387 416 419 430
67 74 94 159 391 413
6 47 234 299 365 381
55 223 288 320 321 338 347 352
18 55 288 332 337 352 356 358
6 20 126 230 297 388
62 192 236 267 282 401
73 92 196 378 398 428
34 110 143 183 200 265
15 19 27 155 194 208
11 102 174 230 264 297 430
33 72 124 351 387 410 439
62 158 206 290 313 316 366 401
288 296 320 321 337 351
89 181 235 242 360 385
86 111 170 262 314 441
90 136 190 309 364 396 420
296 321 345 347 410 439
18 55 288 331 332 337 338
8 118 222 260 369 425
81 103 156 239 258 291
53 187 220 245 359 404 433
75 165 189 221 322 332 338 358
46 48 68 163 177 266 272
105 127 221 338 356 406
187 214 220 240 245 355 399 433
63 108 184 242 306 348
58 63 108 242 243 402
14 15 27 65 169 298 327
25 112 159 168 418 421 442
46 123 213 309 350 424
47 145 336 375 381 411
174 261 313 346 415 416
89 181 209 219 235 443
22 120 125 132 315 386
8 61 118 222 353 433
0 57 175 191 248 281 373
29 34 67 123 213 286
14 59 89 95 209 235 385 395
57 119 138 175 215 248 370
2 21 77 148 161 253 397
5 48 76 145 177 210 365 381
14 65 89 184 306 327 432 443
158 186 192 238 333 408 426
39 73 92 196 341 384 428
45 53 60 97 100 162 245 323
144 154 224 300 307 409
47 234 336 365 375 411
8 23 35 42 61 71 93 197 214 220 260
109 226 252 278 287 291
1 39 196 260 378 425
38 44 59 89 95 235 348 372
85 120 125 280 315 368 434
72 124 313 334 345 416
6 20 32 230 293 297 339
83 199 274 304 394 422
72 91 269 282 313 401
74 159 335 396 413 423
27 57 65 119 138 432
62 76 206 266 290 294 415
83 96 133 153 199 212 304 389
95 104 105 285 328 372
66 67 88 136 350 391 413 420 423 427
64 77 148 253 311 374
2 73 148 341 428 438
16 87 187 201 240 359
79 85 132 188 315 417 431
62 158 192 282 313 340 346 390
63 108 232 243 263 301 306 361
3 36 40 58 99 173 181
23 78 220 222 355 433
11 80 139 182 231 264 407
24 49 160 167 216 268 289 358
80 182 193 231 292 405
79 107 158 192 236 238 333 377 426
33 91 198 224 307 380
144 202 224 321 345 351
30 82 145 233 273 365 381
36 64 114 137 204 438
67 74 335 391 396 423
10 31 96 164 166 317
116 206 210 275 294 366 393
124 261 313 334 366 387
141 191 400 427 431 436
0 146 168 229 363 421 436
26 41 179 334 430 437
90 107 136 309 350 396
25 112 146 168 172 178 246 363 418
55 83 223 304 320 389
66 146 229 391 396 413 427
51 98 123 213 276 286 364
8 39 92 260 353 384
9 46 190 192 259 270 309 377 408
66 88 90 229 396 417 423
2 92 157 341 378 398
4 37 103 149 239 252 287
54 174 176 264 334 344 419
52 141 188 315 400 417
65 119 138 306 376 392 443
71 86 220 245 355 359 369 404
52 85 120 155 208 281 386
36 58 73 129 173 257
0 141 191 229 417 418
24 26 41 151 167 223 250 419
2 73 148 204 253 398 412
80 124 231 296 345 351
3 28 78 150 203 211
115 128 262 273 308 314 349
64 112 137 159 311 363
89 181 306 367 376 432
