444
250 303 346 399 411 
88 121 201 403 
113 250 399 443 
129 173 246 249 310 
77 95 364 435 
62 313 427 443 
192 217 239 379 443 
219 283 380 409 
74 258 259 317 340 344 346 405 
62 97 107 192 443 
13 40 189 227 
82 313 323 346 443 
62 240 250 313 
10 37 82 118 180 234 353 
34 107 352 427 443 
44 218 286 359 
192 259 260 313 399 421 
33 87 90 172 250 
153 303 313 366 443 
34 250 303 443 
61 102 128 341 
62 165 313 370 443 
62 250 323 427 
192 214 303 443 
108 216 250 399 443 
113 174 261 366 419 
140 151 250 332 342 399 419 
113 201 313 443 
137 259 303 339 427 
87 250 419 443 
313 335 348 378 
88 370 401 433 
302 334 366 377 
17 86 91 417 
14 19 51 143 148 192 208 250 255 269 313 346 352 371 
192 250 303 399 
107 335 393 435 
13 96 197 275 
240 349 367 389 443 
334 346 379 443 
10 340 349 429 
302 313 346 399 
62 238 239 250 326 443 
80 91 189 231 
15 62 89 250 311 410 439 443 
49 141 214 325 354 443 
113 250 419 420 
174 250 437 443 
91 96 157 164 307 317 339 
45 79 115 185 223 238 239 250 282 287 311 331 425 
62 186 192 443 
34 192 379 443 
60 201 377 399 443 
73 192 234 250 377 443 
313 377 413 419 443 
109 192 427 443 
62 72 107 185 
192 250 399 443 
109 250 389 427 443 
91 135 231 278 
52 61 75 96 
20 60 212 231 394 414 
5 9 12 21 22 42 44 50 56 67 69 70 71 86 94 98 109 113 123 124 128 131 143 145 158 169 179 184 192 197 225 233 245 255 263 270 287 291 298 313 314 315 328 345 346 367 379 384 393 402 427 431 432 433 435 
186 406 422 442 
145 199 201 243 278 301 313 377 443 
313 340 366 377 443 
186 192 313 443 
62 192 241 250 304 443 
177 250 327 346 399 443 
62 75 174 192 250 369 
62 223 240 249 399 403 
62 97 113 185 250 377 
56 192 242 313 346 436 443 
53 96 349 379 
8 113 313 346 377 
60 69 174 416 420 
192 250 295 313 346 
4 192 250 346 379 424 
192 238 250 443 
49 88 192 420 
43 98 331 349 
192 340 346 379 399 
11 13 98 327 
192 250 292 313 346 422 
155 250 303 443 
135 139 213 231 
33 62 103 109 267 366 379 
17 29 109 119 147 192 250 292 319 369 402 443 
1 31 79 109 151 370 419 
44 240 250 346 
17 240 279 309 313 323 346 
33 43 48 59 96 118 135 157 164 212 258 261 307 353 409 414 
107 185 250 295 399 
174 192 285 346 443 
62 186 327 346 350 370 
4 241 275 389 395 
37 48 60 73 91 258 
9 71 248 427 
62 80 82 189 259 300 334 443 
146 151 363 437 
146 201 234 257 280 313 334 343 376 443 
238 313 419 443 
20 126 201 218 364 395 407 
86 118 164 278 
182 220 328 346 377 
109 346 379 399 
137 250 377 398 443 
9 14 36 56 92 192 263 305 309 313 367 377 390 404 443 
24 167 426 427 
55 58 62 86 87 88 105 134 138 166 188 192 222 225 228 262 266 274 277 325 351 358 374 388 418 432 443 
250 303 377 443 
124 212 231 294 314 349 380 
313 399 427 443 
2 25 27 46 62 71 74 150 163 250 279 324 342 346 364 390 417 434 443 
250 313 346 399 
49 238 399 443 
234 261 299 378 
240 250 334 418 
13 91 103 149 293 422 
87 192 377 443 
187 218 252 281 
1 250 416 427 443 
192 259 346 377 
62 238 303 443 
62 111 141 316 344 
151 245 303 387 
102 189 205 212 381 414 
250 302 303 313 
20 62 248 313 377 
3 211 236 405 
160 311 346 390 437 
62 286 303 358 
240 250 313 346 
332 346 391 399 443 
109 192 331 399 443 
59 85 91 409 
137 213 234 250 313 379 
28 106 136 215 250 303 346 364 369 399 
109 250 346 377 398 
85 182 241 258 353 
26 250 377 405 443 
45 124 151 156 192 240 313 417 422 
181 245 313 346 399 
34 62 192 227 238 
240 313 346 399 
62 64 155 159 
99 100 151 370 399 
87 242 250 306 313 346 347 350 368 
34 245 346 443 
118 153 272 288 394 
113 250 312 370 
26 88 99 125 141 146 152 160 190 250 269 315 334 346 356 361 363 367 396 404 415 443 
151 192 245 399 
18 149 220 286 420 
180 197 307 427 
84 145 192 200 221 250 346 437 
141 274 275 347 401 
48 91 164 294 300 
62 178 207 224 230 297 351 361 365 377 427 443 
145 171 192 238 250 280 295 304 375 410 443 
130 151 201 240 363 376 403 443 
250 303 346 379 
192 313 346 370 
113 240 259 387 
48 91 103 157 170 275 317 
21 323 430 434 
109 174 313 346 
108 190 192 250 346 443 
286 313 373 437 
62 174 189 293 313 427 
164 197 267 294 369 
159 192 346 377 
17 201 238 261 399 443 
3 178 189 190 
25 47 69 75 93 166 169 191 208 217 236 238 246 247 250 266 291 306 320 344 366 384 401 419 439 443 
250 303 311 336 427 429 
192 238 240 443 
68 201 346 370 
158 173 236 250 330 
62 334 377 443 
13 154 287 394 422 
142 211 289 311 431 
104 139 213 293 395 410 422 435 
192 346 399 443 
62 250 313 427 
49 56 71 92 192 196 220 221 287 296 313 323 399 404 428 434 443 
50 63 66 94 192 207 218 232 233 247 253 297 313 327 334 345 346 377 402 417 420 440 443 
120 192 323 346 377 
109 313 427 443 
10 43 98 126 169 173 427 
151 167 173 238 313 
174 250 313 399 
6 9 16 23 34 35 50 51 53 55 57 62 66 67 69 72 76 77 78 79 81 83 87 93 107 109 119 122 134 141 143 152 155 159 162 167 171 176 183 185 186 187 198 199 201 204 206 217 218 223 225 236 237 238 243 245 253 254 256 262 265 268 270 274 281 283 290 297 298 301 303 305 309 311 316 321 326 328 335 337 344 346 356 360 361 362 363 374 382 393 399 406 411 412 415 416 418 426 427 428 431 433 435 443 
201 240 346 443 
276 314 386 440 
313 346 399 443 
185 346 366 399 
37 62 154 170 346 366 379 
192 250 303 313 
64 192 303 311 
155 250 299 313 376 443 
1 27 52 64 100 102 160 172 177 192 193 250 251 255 260 297 311 329 336 368 370 377 397 399 423 
240 270 346 437 
250 302 313 399 
192 313 399 443 
126 272 280 439 
192 313 379 399 
158 186 227 250 327 351 399 
34 174 346 399 
250 313 346 399 439 
250 313 346 399 
129 181 289 310 403 
61 91 111 126 
85 136 182 422 
23 45 245 259 264 346 443 
137 313 346 443 
24 250 296 377 399 443 
6 174 192 250 303 
15 102 120 186 192 259 443 
7 238 259 339 377 443 
104 153 185 250 346 399 
155 185 227 442 443 
109 241 290 337 414 420 
49 70 192 303 313 
158 346 399 443 
62 109 192 443 
250 303 313 382 443 
10 143 207 221 279 
109 250 313 356 399 
259 346 377 395 399 
158 245 274 401 407 
43 59 61 85 111 353 429 
186 250 311 443 
62 186 399 443 
13 53 100 116 136 332 338 352 
313 373 399 443 
129 174 178 192 282 313 351 443 
192 346 366 443 
42 49 78 101 115 123 143 159 172 174 176 190 192 219 242 250 253 263 271 273 284 292 324 335 366 381 392 406 421 438 443 
6 42 49 422 
12 38 70 89 90 117 132 141 144 160 163 176 193 202 242 246 248 250 288 296 323 339 341 342 346 370 372 385 416 426 438 440 
67 95 139 222 266 300 
72 147 238 240 
64 192 259 443 
313 377 399 443 
62 125 142 148 152 192 214 230 252 256 346 348 368 384 391 400 413 434 443 
3 174 240 346 354 379 
174 186 250 416 
97 128 240 299 303 346 443 
3 70 370 419 423 
0 2 12 17 19 22 24 26 29 34 35 42 44 46 47 49 53 57 58 67 68 69 71 76 77 78 83 84 87 89 92 106 110 113 114 117 121 127 132 136 137 138 140 147 150 151 155 159 161 167 174 175 178 184 191 198 200 201 203 207 209 210 216 217 220 226 228 232 238 240 247 254 256 262 265 268 271 273 277 279 281 283 286 288 290 301 302 303 306 311 312 313 318 319 320 321 325 330 333 337 344 348 355 357 359 362 365 366 372 373 378 379 382 386 387 388 393 397 398 399 406 408 415 418 420 422 425 427 430 438 440 443 
201 303 313 443 
120 245 302 303 338 349 443 
186 192 238 303 
192 250 303 406 429 
34 62 201 443 
192 245 250 308 346 
100 313 346 443 
8 91 96 139 
8 16 28 98 122 163 214 218 219 229 243 264 268 295 313 325 346 364 415 427 430 437 443 
16 201 377 406 
25 91 116 172 
109 192 250 346 
62 107 238 399 
214 259 312 377 
192 250 309 377 
109 174 241 313 366 
86 170 317 350 371 
192 250 259 369 408 
34 151 346 400 443 
62 192 202 313 399 
238 250 313 379 
149 205 353 380 409 
238 250 336 346 370 
109 156 192 230 313 366 
37 95 156 164 
194 346 377 419 443 
109 250 322 346 443 
59 64 103 331 
90 113 227 250 419 
100 159 205 346 431 
120 192 250 293 299 313 375 443 
49 236 329 340 366 
7 192 250 303 346 
238 399 419 443 
93 299 312 402 
15 131 153 168 250 313 346 399 424 
49 62 180 185 427 
149 240 250 313 381 443 
181 211 313 346 366 399 
192 222 250 313 346 
62 174 302 313 
83 87 238 311 
118 169 182 281 411 
111 157 170 300 
76 92 159 259 
185 216 240 313 
158 186 192 201 
62 192 346 424 443 
116 200 248 281 285 346 
98 157 241 294 429 
64 192 250 346 
32 41 127 203 250 252 291 310 346 399 443 
0 18 19 23 28 35 84 110 123 125 127 131 137 161 175 192 198 199 217 223 226 248 250 251 252 253 254 283 315 347 358 360 372 377 387 410 412 437 443 
67 159 335 427 
107 192 313 443 
147 174 250 394 443 
48 91 154 409 
256 399 401 443 
90 107 192 265 346 
3 211 302 330 377 423 
44 49 130 175 181 192 199 201 232 250 292 322 360 363 374 442 443 
150 250 264 285 346 350 352 399 419 426 
5 11 12 16 18 21 27 30 34 41 54 62 64 65 66 72 74 76 83 90 100 101 107 112 114 127 128 132 136 141 142 144 147 162 166 168 169 184 185 186 188 190 191 195 198 200 203 204 206 209 210 215 223 226 228 235 236 244 250 251 257 259 266 270 271 274 281 286 288 289 290 291 296 305 314 316 319 328 329 334 341 343 355 357 358 359 361 365 366 373 375 377 378 379 383 384 385 391 396 399 401 413 418 420 428 431 433 435 436 441 442 443 
62 111 194 313 349 391 399 
62 151 303 443 
124 192 313 348 370 399 
8 48 164 267 
250 346 366 406 
87 250 313 322 345 443 
174 250 346 399 
192 250 390 437 443 
277 311 319 370 
11 22 90 165 185 187 240 326 346 359 366 383 386 404 
113 238 399 443 
45 109 250 259 419 
42 192 323 378 
68 82 94 186 207 
62 104 192 313 443 
201 282 313 339 399 443 
178 250 310 377 427 443 
49 80 134 278 334 430 
26 133 234 408 
250 399 407 427 443 
32 39 98 100 117 151 179 186 313 331 346 387 421 
30 36 192 238 304 366 375 427 
175 201 273 399 
192 222 250 346 347 401 
234 252 354 392 402 
28 48 219 240 329 407 
8 40 65 81 282 
20 240 313 370 443 
26 113 240 405 419 
100 313 346 443 
8 124 174 192 250 346 
62 186 319 346 
0 8 11 34 39 41 62 68 72 74 76 77 81 83 89 90 93 94 104 105 113 114 122 130 132 133 137 138 142 144 147 148 151 155 161 162 166 167 171 177 183 186 187 192 193 195 196 197 202 208 209 210 214 215 220 224 229 237 240 245 246 248 256 257 259 262 269 273 276 277 280 283 286 289 290 298 299 301 302 309 312 318 320 323 334 337 343 344 345 355 359 362 365 366 370 373 383 388 400 401 408 411 412 416 419 422 425 427 428 430 433 435 443 
147 156 303 337 
30 245 250 316 443 
38 40 73 80 111 252 314 
94 147 267 312 443 
109 158 207 236 
14 34 234 312 
13 91 139 231 272 
45 246 338 429 
250 313 346 386 399 
151 192 228 359 
250 313 399 427 
109 131 303 313 439 443 
15 250 313 323 346 356 
192 303 311 366 
151 158 192 313 
192 250 346 443 
99 151 160 192 311 
4 102 113 137 259 430 
158 250 313 346 
18 25 32 65 86 174 196 197 237 238 250 266 274 282 289 313 318 323 335 346 360 378 392 399 441 
38 62 107 151 443 
147 201 245 443 
69 87 137 170 268 
21 31 88 94 146 150 162 177 201 240 249 273 316 322 341 346 401 423 431 443 
34 267 379 442 443 
240 250 303 399 
168 235 250 313 346 399 
109 192 311 437 
159 281 313 335 
100 160 200 379 
32 52 53 54 64 65 71 74 104 106 107 110 119 122 128 138 140 158 171 179 186 187 201 216 219 229 244 260 264 265 276 303 310 313 330 381 392 397 413 430 436 443 
30 116 250 313 326 366 443 
6 39 51 62 73 77 81 86 105 136 161 197 206 246 250 271 313 371 376 427 
7 111 272 409 
126 238 288 377 437 
192 226 250 387 
313 323 346 419 
62 174 245 313 
240 313 399 419 
194 250 323 355 399 
125 163 250 303 334 382 437 
109 250 346 427 
38 58 95 429 
107 113 130 321 
133 245 313 314 399 411 443 
238 338 366 377 443 
36 62 192 250 399 
61 149 180 306 
95 102 182 229 
151 313 399 443 
201 250 377 443 
106 138 250 434 
0 2 16 24 26 35 41 52 57 68 70 81 92 105 112 114 115 133 134 137 142 144 146 152 172 183 185 191 192 195 196 201 203 204 206 207 208 209 210 216 220 224 228 229 233 235 244 250 263 270 284 286 289 302 308 312 313 314 316 320 324 329 333 336 355 357 366 372 373 385 386 391 393 396 403 408 416 417 423 425 426 432 436 438 441 442 
245 269 346 437 
31 156 174 230 308 313 337 346 370 
62 87 186 285 338 443 
1 70 160 211 399 
107 151 185 323 
8 129 140 342 
63 192 238 250 254 260 318 443 
102 230 333 339 
250 268 332 346 399 424 443 
7 91 135 272 307 380 
44 159 182 303 
0 192 293 346 391 
192 303 346 443 
54 245 313 377 
61 91 126 222 
151 192 250 259 
75 121 192 240 247 346 399 
33 113 141 186 399 
109 117 192 250 313 
25 26 29 46 54 88 101 174 249 276 279 284 312 325 342 346 383 385 434 443 
46 75 79 153 186 222 250 313 443 
16 238 334 443 
63 83 118 141 180 182 213 239 250 346 
201 249 310 370 399 443 
77 286 298 408 
49 250 346 399 
108 192 240 312 399 
5 14 22 28 55 58 62 97 108 112 121 154 158 169 175 184 188 189 192 250 259 287 304 330 333 335 346 357 379 388 437 
185 192 313 346 
40 175 231 254 300 354 389 
165 250 259 331 346 364 377 
62 181 192 280 313 370 
62 109 399 443 
31 62 192 313 346 
113 165 185 245 398 419 
4 36 62 182 192 313 346 
72 313 377 399 
47 99 130 155 168 202 259 303 321 374 381 387 400 427 443 
238 240 250 399 
44 174 205 209 358 
186 194 240 250 443 
313 366 399 443 
63 221 311 313 371 399 443 
2 5 6 9 11 14 18 19 21 23 24 27 29 38 39 42 44 45 47 50 51 52 53 54 55 57 58 64 65 66 67 68 72 78 84 87 93 98 100 101 106 107 109 110 112 113 115 119 121 123 133 134 140 148 151 158 159 160 167 172 174 176 179 183 185 186 188 192 193 195 200 204 214 215 216 218 219 221 224 225 226 232 233 235 236 237 238 243 244 245 248 250 251 252 255 257 259 269 276 277 281 284 288 298 302 303 305 306 308 311 313 315 319 321 324 328 329 330 333 341 343 346 348 350 358 362 367 368 370 371 377 378 391 392 396 397 402 406 408 412 419 420 421 423 432 437 440 441 442 
