444
54 147 240 443 
44 53 225 256 259 
62 313 323 443 
147 151 226 256 
38 40 45 63 73 81 85 96 154 194 212 231 257 287 398 414 438 
123 147 259 302 356 425 443 
54 62 147 149 443 
192 308 324 393 
48 111 170 255 349 
54 147 222 259 343 443 
104 194 361 398 
14 62 75 78 94 106 147 157 203 229 254 278 299 364 401 443 
147 240 302 356 443 
54 62 147 199 270 360 
11 16 62 135 313 
46 101 138 173 401 
14 26 62 83 102 112 132 146 147 163 169 214 278 312 343 385 390 405 431 443 
194 230 287 353 
127 192 234 302 334 443 
49 54 147 302 312 
312 325 419 430 
147 323 393 443 
280 313 377 393 443 
108 127 129 402 
26 54 289 443 
54 147 226 288 443 
16 24 54 141 147 169 180 188 306 341 385 443 
54 147 178 184 443 
54 147 259 443 
46 147 226 254 
95 147 254 334 443 
204 237 344 383 424 438 
147 225 254 443 
59 91 114 125 173 224 257 307 409 
68 147 254 303 443 
54 62 147 302 
287 300 307 394 
78 147 226 313 419 
4 96 97 194 
147 226 245 443 
4 73 108 353 
147 225 303 385 443 
54 147 419 443 
98 226 262 377 381 
1 102 122 181 
4 96 194 212 380 394 
15 29 54 136 147 225 230 272 279 352 443 
147 226 254 443 
8 230 255 441 
19 62 147 171 302 443 
54 147 295 334 443 
54 147 365 443 
127 147 300 303 334 443 
1 105 147 183 186 198 220 222 226 227 252 259 276 282 371 400 417 443 
0 6 9 13 19 24 25 26 27 28 35 42 46 50 51 70 72 74 77 83 100 101 109 113 122 130 142 145 147 152 153 158 160 161 174 179 195 214 217 223 226 228 235 237 240 246 247 250 253 254 256 259 264 266 267 274 281 282 286 292 294 296 309 312 313 319 321 322 323 328 337 341 358 359 375 378 379 381 388 396 406 408 411 415 419 424 433 434 437 442 443 
109 147 302 388 
226 245 256 303 
147 312 419 443 
139 194 231 332 
33 118 164 285 307 317 
120 135 146 304 380 
170 210 241 255 262 352 
2 6 11 13 14 16 35 49 65 69 72 74 79 117 132 133 138 142 147 177 179 185 188 191 192 193 201 205 225 226 228 236 238 245 253 259 261 262 270 271 281 290 297 298 299 302 303 308 310 316 323 330 346 350 355 363 366 370 374 376 378 390 395 399 421 428 430 443 
4 81 181 230 280 287 
147 302 334 443 
62 178 436 443 
147 225 254 443 
129 147 254 259 443 
34 147 152 443 
62 147 225 443 
54 147 259 443 
95 147 166 226 254 443 
54 62 147 443 
4 40 96 104 398 403 
54 62 226 443 
11 94 256 311 
147 225 254 419 
54 245 312 443 
11 37 147 254 293 304 443 
62 147 240 443 
129 234 347 404 421 
4 63 108 181 
147 254 259 323 
16 54 147 192 
147 245 254 443 
4 194 261 360 
147 239 302 323 349 369 443 
147 226 259 443 
147 245 334 443 
147 225 430 443 
147 225 259 443 
33 125 243 285 291 307 332 353 403 
147 192 323 393 
147 259 303 443 
11 75 147 250 443 
30 71 109 180 
4 38 45 73 139 154 164 202 243 398 414 
38 122 146 259 303 
43 111 118 407 
178 226 367 443 
54 147 302 443 
15 54 147 303 443 
16 44 147 259 443 
192 250 399 413 
10 73 242 258 261 322 
53 126 235 312 414 437 
11 147 226 443 
147 226 302 312 443 
23 40 81 156 287 394 
54 55 95 147 254 443 
147 226 303 443 
8 98 170 255 262 349 
16 147 225 443 
54 147 263 312 443 
33 194 382 409 
147 312 334 443 
275 303 330 393 
62 147 250 260 313 
59 98 126 307 353 
178 273 302 437 
60 142 196 369 
144 147 254 259 443 
44 54 97 147 152 258 443 
5 147 225 254 419 
253 275 295 313 330 
33 91 300 425 
105 118 182 305 317 
18 23 52 289 293 
147 225 302 443 
23 67 80 234 
54 147 226 443 
196 310 321 377 
16 62 226 430 
62 147 254 443 
147 181 302 430 443 
14 60 171 423 
46 147 226 443 
147 225 258 406 443 
15 62 147 419 443 
58 96 164 231 242 332 
147 302 334 443 
26 147 254 443 
54 62 120 147 340 443 
147 152 430 443 
121 147 259 419 
54 147 302 443 
16 60 97 147 259 284 345 443 
0 3 5 6 9 11 12 13 16 19 21 25 26 27 28 29 30 32 34 35 37 39 41 42 46 47 49 50 51 52 53 54 55 57 62 64 66 67 68 69 70 71 72 76 78 79 82 83 84 86 87 88 89 90 92 93 94 100 101 102 106 107 109 110 112 113 115 117 121 122 123 128 130 133 134 136 137 138 140 141 142 143 144 145 146 149 151 152 153 155 157 158 160 161 162 163 165 167 168 169 172 174 175 176 178 179 180 182 183 184 185 187 188 190 191 192 193 195 196 197 200 201 203 206 207 208 211 213 214 217 218 219 220 223 225 226 229 233 235 236 237 238 240 241 245 247 248 250 251 252 253 254 255 256 259 262 264 266 267 268 269 270 271 273 274 275 276 277 278 282 283 286 289 290 292 294 297 298 301 302 303 305 306 309 310 311 312 313 316 320 322 323 324 325 326 327 328 329 330 333 334 335 336 337 340 342 344 346 348 350 351 355 358 359 362 363 364 365 366 367 368 370 373 374 375 376 377 379 381 383 384 386 387 388 390 393 396 397 399 401 404 405 406 408 410 411 413 415 416 417 419 423 424 426 427 428 430 431 432 433 434 436 437 439 440 442 443 
192 259 297 443 
6 147 313 344 
226 230 302 303 334 
3 147 226 312 443 
54 68 122 143 147 177 185 213 225 229 238 326 346 371 391 421 443 
54 147 361 393 443 
4 96 202 231 234 257 402 
147 286 302 443 
108 160 169 362 
11 147 225 424 429 
54 147 306 419 443 
245 302 303 443 
54 147 156 303 443 
54 147 254 443 
147 225 254 260 443 
16 147 430 443 
59 96 139 212 224 291 403 414 
147 302 303 327 393 
71 230 252 396 
147 259 312 443 
147 226 232 377 443 
16 26 147 156 331 443 
8 61 111 210 255 293 318 349 
49 135 250 334 443 
147 184 239 249 254 259 261 443 
15 33 385 425 
54 147 303 443 
147 312 334 443 
147 225 272 312 443 
62 152 286 293 443 
27 65 99 119 147 182 218 225 259 331 443 
54 62 147 320 443 
26 95 147 240 443 
44 63 81 134 361 402 
126 147 178 225 443 
53 147 221 230 259 443 
27 147 172 337 
62 147 152 204 334 
53 323 377 443 
147 225 244 302 443 
26 62 147 303 
229 252 374 441 
147 225 254 443 
62 147 302 420 443 
7 18 62 83 92 103 147 148 206 209 211 213 236 245 327 344 347 351 377 384 393 405 410 413 443 
62 147 254 443 
4 10 17 38 45 58 85 114 202 
54 147 430 443 
120 131 147 254 259 304 345 443 
147 270 377 443 
53 259 377 443 
13 317 354 389 429 
147 226 254 443 
62 147 209 302 443 
96 154 194 231 318 
11 147 230 240 354 443 
31 185 307 356 
62 303 313 344 
147 192 209 232 377 382 443 
147 225 302 443 
147 245 303 443 
192 201 206 295 318 399 443 
61 170 255 321 380 422 441 
147 192 259 389 443 
4 45 164 291 402 
147 152 192 254 
16 54 147 430 443 
245 259 303 443 
226 302 419 437 
54 147 259 369 443 
147 178 240 443 
147 254 303 443 
53 147 226 443 
183 252 255 264 
9 53 302 443 
54 147 225 443 
33 164 257 260 422 
1 32 41 46 62 66 69 76 89 90 112 123 128 137 147 152 157 162 176 178 182 187 190 207 223 227 239 240 251 269 276 296 310 326 344 351 357 365 371 377 383 388 391 397 410 411 415 436 437 440 443 
3 25 29 37 39 43 47 53 54 56 62 71 74 87 99 106 107 110 130 132 136 147 150 151 168 200 216 220 233 235 237 246 249 256 264 268 274 289 292 324 325 334 336 362 363 364 368 373 378 387 401 412 419 423 427 432 443 
53 225 411 443 
54 62 240 259 
11 147 152 189 259 
17 46 48 63 150 166 183 203 339 389 
4 58 139 154 202 409 
168 206 399 439 
147 226 419 443 
18 80 129 154 
54 105 147 226 443 
62 147 192 323 443 
31 54 147 226 443 
62 147 152 443 
86 172 225 252 
0 12 54 79 147 180 203 218 225 228 248 261 290 407 416 433 443 
61 147 254 255 302 338 349 443 
104 139 278 331 
91 96 288 331 
187 352 386 429 
39 56 62 77 84 88 147 159 192 208 215 254 294 301 315 316 329 342 355 379 412 434 443 
54 226 312 438 443 
54 147 254 443 
147 240 302 443 
172 226 259 300 430 
54 94 103 117 147 171 256 268 440 441 443 
147 225 254 443 
53 147 166 189 221 239 259 443 
54 62 124 147 443 
11 29 30 32 34 47 54 66 67 71 76 78 82 84 109 121 123 133 141 147 161 162 172 190 193 196 200 213 219 241 245 247 251 265 297 302 303 308 327 334 336 348 350 357 365 384 413 424 427 442 443 
8 48 61 111 147 170 210 221 241 262 443 
1 3 54 56 75 147 226 250 328 358 392 417 443 
4 33 154 224 403 
104 122 137 376 
1 5 9 28 53 54 62 67 70 82 87 90 93 97 102 121 144 146 147 148 167 172 178 183 196 198 211 215 217 228 229 249 252 264 270 279 288 298 312 314 324 330 333 348 357 362 376 381 387 393 406 423 426 439 441 443 
117 162 224 371 377 
62 85 104 172 240 270 360 
43 61 62 111 147 255 313 395 435 443 
113 302 349 370 
54 147 221 226 259 383 
254 312 352 366 424 
54 147 303 312 
54 147 303 443 
147 226 250 302 
147 225 372 385 419 443 
13 62 147 197 259 261 400 407 443 
62 147 302 443 
46 176 303 313 
119 147 312 334 443 
54 147 226 435 443 
116 124 147 303 393 443 
53 147 225 443 
147 302 334 443 
11 16 147 242 313 
46 259 334 443 
22 63 296 328 
54 62 302 443 
53 54 147 430 
147 303 313 369 389 407 443 
146 370 416 443 
59 91 332 339 
54 147 155 177 302 443 
4 17 36 63 108 354 
25 243 259 334 373 
24 127 147 226 312 434 443 
62 147 240 347 443 
91 164 212 378 
54 147 226 443 
78 127 170 177 
54 147 245 345 443 
50 124 209 434 
54 225 280 313 419 
62 147 148 254 443 
62 147 259 443 
11 62 430 443 
36 52 125 249 406 
147 245 303 443 
5 12 18 19 35 49 55 62 64 86 100 107 119 128 134 140 145 147 150 155 159 165 187 191 201 207 216 222 241 248 254 263 268 271 277 281 286 311 315 338 359 367 373 391 392 396 408 431 443 
34 41 52 56 62 93 97 101 110 116 147 150 159 160 165 174 188 205 208 215 219 254 266 267 272 275 283 301 305 306 311 314 321 329 337 340 367 418 428 443 
60 78 196 312 435 
126 147 303 312 382 443 
26 147 158 303 361 
33 36 59 91 118 204 409 
7 62 254 377 443 
54 147 313 443 
62 131 147 225 323 343 
75 147 302 303 312 
16 19 20 54 57 77 105 107 113 115 147 151 167 175 176 246 259 265 266 273 289 304 305 311 321 337 341 368 370 384 404 418 443 
2 14 22 37 54 117 124 147 149 205 262 272 278 283 296 309 331 334 390 412 421 443 
259 303 322 377 443 
245 302 419 443 
62 147 245 443 
59 126 199 354 394 
170 202 209 331 
54 430 437 443 
147 179 401 443 
54 131 210 303 312 334 372 
54 104 147 314 393 
2 21 54 62 82 86 92 147 186 236 310 335 338 342 375 443 
7 147 226 259 443 
20 147 226 430 443 
147 152 225 443 
147 165 192 254 443 
54 147 256 280 443 
147 245 303 443 
62 116 124 147 259 443 
169 178 242 243 313 318 333 429 
58 91 139 285 353 
147 259 331 366 443 
18 30 50 52 64 88 115 140 147 150 171 175 185 226 254 273 277 279 288 313 321 335 366 386 392 397 399 410 416 418 426 430 432 436 443 
147 323 334 443 
147 226 254 425 443 
54 147 184 303 312 
241 302 323 366 
230 285 389 407 
142 147 303 443 
26 54 312 361 443 
147 245 323 443 
9 16 310 443 
31 147 149 192 205 225 443 
146 196 294 410 
62 147 152 369 443 
80 192 290 377 393 
147 254 259 443 
8 86 111 170 241 263 
62 147 254 443 
147 192 225 443 
46 61 244 265 435 443 
17 40 91 118 332 360 
199 203 287 317 
62 147 245 443 
5 12 204 427 443 
225 254 259 443 
54 147 256 443 
54 147 302 443 
13 85 261 353 362 387 
10 153 181 306 341 
147 156 226 259 360 443 
62 147 226 443 
11 147 226 443 
51 147 225 254 443 
62 147 265 333 334 338 443 
99 147 302 303 443 
147 226 312 443 
86 120 217 283 346 
62 147 263 284 312 420 443 
53 152 225 260 443 
269 321 382 384 
147 226 288 302 443 
62 147 189 381 388 
54 147 323 443 
62 147 258 259 443 
22 43 131 147 168 186 192 197 198 206 225 260 308 314 347 443 
54 62 226 291 443 
54 147 245 443 
45 60 210 422 
43 54 147 259 374 443 
114 206 305 372 
31 147 225 264 416 419 
147 192 254 312 372 
16 26 41 173 269 
147 244 334 419 443 
147 226 259 360 443 
54 55 147 225 374 443 
199 211 230 283 339 422 
16 62 147 313 430 
152 225 302 443 
256 302 334 443 
7 21 22 92 116 147 153 165 192 259 275 322 347 439 443 
36 45 108 317 409 
62 262 433 443 
54 147 166 302 443 
147 225 334 443 
4 10 73 96 414 
62 103 147 209 232 334 443 
53 270 419 443 
11 15 147 226 320 443 
23 154 181 212 
73 91 164 257 
80 147 312 430 443 
16 147 192 443 
54 137 147 259 300 420 443 
98 240 270 283 339 
54 147 302 443 
33 114 231 307 394 422 
147 192 225 334 345 
54 147 225 227 443 
226 245 313 443 
103 147 192 254 443 
4 96 105 164 398 
54 147 225 443 
147 240 284 334 383 443 
53 147 256 443 
303 312 334 443 
20 37 42 54 57 76 123 138 144 147 158 216 226 233 269 296 315 383 386 400 420 441 443 
191 370 406 419 
62 80 152 313 443 
210 224 380 389 409 
135 147 226 259 443 
31 54 147 157 254 265 443 
5 125 173 336 
147 259 334 443 
147 226 254 356 443 
62 147 303 443 
157 199 244 331 438 
20 62 89 132 134 143 147 163 195 214 249 282 299 319 325 334 390 404 439 443 
16 147 302 443 
147 226 334 443 
54 147 240 395 443 
54 147 245 289 295 
262 274 304 352 
65 147 225 334 443 
54 105 119 147 216 225 319 443 
4 31 246 429 
147 232 259 393 430 443 
147 225 250 443 
48 189 210 250 259 419 443 
54 147 254 443 
0 2 5 6 9 11 12 16 18 21 22 24 25 26 27 28 30 32 34 39 41 42 46 47 49 50 51 52 53 54 57 62 64 65 66 67 68 69 70 71 72 74 77 78 79 84 86 87 88 89 90 93 94 99 100 101 102 106 107 109 110 112 113 115 121 122 128 130 133 134 136 137 138 140 141 142 143 145 146 147 148 151 152 153 155 158 159 160 161 162 163 167 168 169 171 172 174 175 176 177 178 179 180 182 183 186 187 190 191 192 193 195 196 197 198 200 201 203 206 207 208 209 211 214 215 217 218 219 220 222 223 225 226 227 233 235 236 237 238 240 241 245 246 247 248 250 251 252 253 254 255 256 259 262 267 269 270 271 273 274 275 276 277 279 281 283 284 286 289 290 292 294 297 298 299 301 302 303 305 308 309 312 313 314 315 316 319 320 323 324 325 326 327 328 329 330 333 334 335 336 340 341 342 343 344 346 348 350 351 352 355 356 357 358 359 362 363 364 365 366 367 368 370 371 373 375 376 377 378 379 381 386 387 388 391 392 393 395 396 397 399 400 401 404 405 406 408 411 412 413 415 416 417 418 419 421 423 424 426 427 428 430 431 432 433 436 437 439 440 441 442 
